2.738571428571428328e+02
5.328571428571428896e+02
3.050000000000000000e+02
5.097142857142856656e+02
5.145384615384615472e+02
4.100000000000000000e+02
3.128571428571428328e+02
5.490000000000000000e+02
2.260000000000000000e+02
3.500000000000000000e+02
4.258571428571428328e+02
4.160000000000000000e+02
3.997142857142856656e+02
4.328571428571428328e+02
2.290000000000000000e+02
4.915384615384615472e+02
5.238571428571428896e+02
5.052527472527472128e+02
3.410000000000000000e+02
3.837142857142856656e+02
4.983956043956043800e+02
5.388571428571428896e+02
2.835384615384615472e+02
3.173956043956043800e+02
5.560000000000000000e+02
4.695714285714285552e+02
5.557142857142856656e+02
5.128571428571428896e+02
3.617142857142856656e+02
3.895384615384615472e+02
4.672527472527472128e+02
4.670769230769230376e+02
3.710000000000000000e+02
3.290000000000000000e+02
3.758571428571428328e+02
4.200000000000000000e+02
4.035384615384615472e+02
5.350000000000000000e+02
3.223956043956043800e+02
4.760000000000000000e+02
4.180000000000000000e+02
4.743956043956043800e+02
5.248571428571428896e+02
3.820000000000000000e+02
4.800000000000000000e+02
5.488571428571428896e+02
5.860000000000000000e+02
5.403956043956043231e+02
5.665384615384615472e+02
3.919340659340658704e+02
2.950000000000000000e+02
3.933956043956043800e+02
3.910000000000000000e+02
3.988571428571428328e+02
2.960000000000000000e+02
5.458571428571428896e+02
3.523956043956043800e+02
3.315384615384615472e+02
3.718571428571428328e+02
4.260000000000000000e+02
5.067142857142856656e+02
4.758571428571428328e+02
3.663956043956043800e+02
4.579340659340658704e+02
3.950000000000000000e+02
4.050000000000000000e+02
3.160000000000000000e+02
5.468571428571428896e+02
3.990000000000000000e+02
5.358571428571428896e+02
3.765384615384615472e+02
3.769340659340658704e+02
5.252527472527472128e+02
3.593956043956043800e+02
3.075384615384615472e+02
2.920000000000000000e+02
3.728571428571428328e+02
1.928571428571428328e+02
5.180769230769230944e+02
4.750769230769230376e+02
5.390769230769230944e+02
4.977142857142856656e+02
4.280000000000000000e+02
4.458571428571428328e+02
3.995384615384615472e+02
3.787142857142856656e+02
4.440000000000000000e+02
4.400000000000000000e+02
4.428571428571428328e+02
3.783956043956043800e+02
4.455384615384615472e+02
3.200000000000000000e+02
5.430000000000000000e+02
4.650000000000000000e+02
5.388571428571428896e+02
4.745384615384615472e+02
3.160000000000000000e+02
3.830769230769230376e+02
2.780000000000000000e+02
5.185384615384615472e+02
2.655384615384615472e+02
4.170000000000000000e+02
4.038571428571428328e+02
4.255384615384615472e+02
3.690000000000000000e+02
4.068571428571428328e+02
3.935384615384615472e+02
4.125384615384615472e+02
5.085384615384615472e+02
3.560000000000000000e+02
5.352527472527472128e+02
2.940000000000000000e+02
4.245384615384615472e+02
3.100000000000000000e+02
4.370769230769230376e+02
4.070769230769230376e+02
4.720000000000000000e+02
4.890000000000000000e+02
2.630769230769230376e+02
2.980000000000000000e+02
4.085384615384615472e+02
3.008571428571428328e+02
3.868571428571428328e+02
4.115384615384615472e+02
4.775384615384615472e+02
4.950000000000000000e+02
4.930769230769230376e+02
3.958571428571428328e+02
2.790769230769230376e+02
4.075384615384615472e+02
5.340000000000000000e+02
3.285384615384615472e+02
4.990769230769230376e+02
4.350000000000000000e+02
5.217142857142856656e+02
4.960769230769230376e+02
3.015384615384615472e+02
3.257142857142856656e+02
4.058571428571428328e+02
4.890000000000000000e+02
4.695384615384615472e+02
2.760000000000000000e+02
5.230769230769230944e+02
3.888571428571428328e+02
4.195384615384615472e+02
4.883956043956043800e+02
3.388571428571428328e+02
3.620000000000000000e+02
4.717142857142856656e+02
4.095384615384615472e+02
4.503956043956043800e+02
3.950000000000000000e+02
4.380000000000000000e+02
4.870000000000000000e+02
2.908571428571428328e+02
4.063956043956043800e+02
4.050769230769230376e+02
5.073956043956043800e+02
4.108571428571428328e+02
3.800000000000000000e+02
5.220000000000000000e+02
4.998571428571428328e+02
4.768571428571428328e+02
4.157142857142856656e+02
4.000000000000000000e+02
5.860000000000000000e+02
3.950000000000000000e+02
5.468571428571428896e+02
4.695384615384615472e+02
5.485384615384615472e+02
1.880000000000000000e+02
1.828571428571428328e+02
5.247142857142856656e+02
4.801098901098900456e+02
3.585384615384615472e+02
3.807142857142856656e+02
2.948571428571428328e+02
4.310000000000000000e+02
4.012527472527472128e+02
3.950000000000000000e+02
4.303956043956043800e+02
4.938571428571428328e+02
5.400000000000000000e+02
4.829340659340658704e+02
5.292527472527472128e+02
3.600769230769230376e+02
4.945384615384615472e+02
4.138571428571428328e+02
5.098571428571428328e+02
5.105384615384615472e+02
3.883956043956043800e+02
3.809340659340658704e+02
2.740000000000000000e+02
5.263956043956043231e+02
4.890769230769230376e+02
3.828571428571428328e+02
5.360000000000000000e+02
2.658571428571428328e+02
4.455714285714285552e+02
4.170000000000000000e+02
