3.771384615384615699e+02
3.010659340659340160e+02
3.511010989010987942e+02
3.291296703296702617e+02
3.575098901098901365e+02
2.647582417582418088e+02
4.520791208791208646e+02
4.454945054945055745e+02
3.569296703296703299e+02
4.016373626373625143e+02
4.495230769230768715e+02
3.480659340659340728e+02
4.165120879120879067e+02
4.555868131868132309e+02
4.441758241758242320e+02
4.025384615384615472e+02
4.217868131868131627e+02
4.232175824175824346e+02
3.657516483516483277e+02
4.677010989010988737e+02
3.758461538461538112e+02
4.462681318681320590e+02
3.894813186813186690e+02
3.769384615384615813e+02
3.979736263736263027e+02
4.154461538461538339e+02
3.760153846153846189e+02
3.954021978021977475e+02
4.437582417582416952e+02
4.191098901098901024e+02
3.954659340659340501e+02
4.178945054945054949e+02
3.883890109890110125e+02
3.888373626373626166e+02
3.844945054945055176e+02
5.075384615384615472e+02
4.020945054945054835e+02
4.111428571428571104e+02
3.426945054945055062e+02
4.817450549450548465e+02
2.874791208791208987e+02
4.088615384615384301e+02
3.970021978021979407e+02
3.994329670329669852e+02
3.672175824175823777e+02
3.822153846153846075e+02
4.500527472527472241e+02
4.027736263736263709e+02
3.959868131868132082e+02
4.148087912087912059e+02
4.825384615384615472e+02
4.090307692307692378e+02
2.958945054945054949e+02
4.142307692307692264e+02
4.482021978021977588e+02
4.527098901098901251e+02
4.301098901098901024e+02
4.017098901098901251e+02
4.272307692307692264e+02
3.809890109890109784e+02
3.852659340659340614e+02
3.619098901098901138e+02
4.563868131868132423e+02
4.215098901098901365e+02
4.018813186813188167e+02
4.888395604395604437e+02
3.911230769230770079e+02
4.313252747252747668e+02
3.423582417582417179e+02
4.000813186813186348e+02
3.717890109890109898e+02
3.844307692307692150e+02
4.387098901098901251e+02
2.871868131868131400e+02
4.109384615384615813e+02
3.335098901098901365e+02
3.633098901098900910e+02
5.068945054945055517e+02
4.443692307692307963e+02
4.591736263736264618e+02
4.032021978021977588e+02
4.767736263736263140e+02
3.044021978021978043e+02
4.661252747252747781e+02
4.724175824175824800e+02
3.781230769230768942e+02
3.150659340659340728e+02
4.378527472527473492e+02
4.522241758241759157e+02
4.214967032967033447e+02
4.187736263736264846e+02
4.170527472527472241e+02
3.811450549450548806e+02
4.780967032967033674e+02
4.166219780219780091e+02
3.877736263736263140e+02
3.434945054945054039e+02
3.441868131868131400e+02
4.082307692307692264e+02
4.487604395604395791e+02
4.245736263736263254e+02
3.960527472527472241e+02
4.873450549450550398e+02
4.935868131868131741e+02
4.248659340659340273e+02
4.625868131868131741e+02
5.016175824175824687e+02
3.922241758241757452e+02
4.862021978021979294e+02
3.321296703296703186e+02
3.794791208791208987e+02
3.390945054945054267e+02
4.002307692307692264e+02
4.219252747252747895e+02
4.321538461538462457e+02
4.489450549450548920e+02
5.028307692307691923e+02
4.022307692307692264e+02
3.706791208791208874e+02
4.246769230769231172e+02
4.590791208791208646e+02
5.163296703296703072e+02
3.411582417582417861e+02
3.736813186813186576e+02
3.344945054945055176e+02
3.987604395604395791e+02
4.624813186813186690e+02
3.437736263736263140e+02
4.318945054945054380e+02
3.937736263736263140e+02
4.300461538461539135e+02
4.336659340659340387e+02
4.645428571428570876e+02
3.315164835164835040e+02
3.928945054945055517e+02
4.457384615384615358e+02
4.352087912087912400e+02
4.010175824175824459e+02
4.262329670329671103e+02
4.566681318681319226e+02
4.149296703296703299e+02
3.607384615384615358e+02
4.119098901098901138e+02
4.034813186813186690e+02
3.713890109890109557e+02
4.320153846153846189e+02
4.853450549450550398e+02
3.940307692307692378e+02
4.623384615384615586e+02
3.832307692307692264e+02
3.608175824175824573e+02
3.694791208791208987e+02
4.578945054945055517e+02
3.739164835164834813e+02
4.166373626373626848e+02
4.261098901098901024e+02
3.723582417582417747e+02
4.170021978021977702e+02
3.429736263736263027e+02
4.491582417582417861e+02
4.209582417582416838e+02
4.468373626373626166e+02
3.352373626373625939e+02
4.458659340659339705e+02
3.976307692307692037e+02
4.149736263736263027e+02
3.517582417582416952e+02
4.177736263736263140e+02
4.254461538461538908e+02
4.304021978021977475e+02
4.354659340659341069e+02
4.431868131868132537e+02
3.781868131868131400e+02
4.672021978021977588e+02
3.334659340659340501e+02
5.033252747252747668e+02
4.684659340659340501e+02
4.834813186813186690e+02
4.800021978021977702e+02
3.747252747252748009e+02
5.140307692307692378e+02
3.997450549450550170e+02
4.794373626373625825e+02
3.670813186813187485e+02
3.604307692307692150e+02
3.666307692307692037e+02
4.235098901098901365e+02
4.413164835164835722e+02
4.961230769230770079e+02
3.990945054945054835e+02
4.425450549450548579e+02
5.226813186813186576e+02
4.130373626373626621e+02
3.451230769230768942e+02
4.418307692307691923e+02
4.334021978021977475e+02
3.843736263736263368e+02
4.280021978021977702e+02
3.636791208791208874e+02
3.990021978021977702e+02
