4.440791208791208646e+02
2.721582417582417293e+02
3.426791208791208874e+02
3.576373626373626280e+02
4.997934065934065302e+02
4.770659340659340728e+02
5.002087912087912400e+02
4.929868131868131513e+02
4.694241758241757907e+02
4.956945054945055631e+02
4.720725274725274403e+02
4.903868131868132423e+02
4.683164835164834017e+02
4.872373626373625370e+02
4.459802197802197838e+02
4.837582417582418088e+02
4.635384615384615472e+02
4.851296703296703186e+02
5.049714285714285325e+02
4.999010989010988624e+02
4.952791208791209101e+02
4.790087912087912514e+02
5.006791208791207737e+02
4.601582417582417293e+02
4.943956043956043231e+02
4.271714285714284642e+02
4.772879120879121047e+02
4.873956043956043231e+02
4.741582417582417293e+02
4.262241758241757452e+02
5.090087912087912514e+02
4.953010989010988965e+02
4.774373626373625825e+02
4.843648351648350854e+02
4.818263736263735382e+02
4.980373626373626621e+02
4.874527472527472014e+02
4.702219780219779750e+02
4.981296703296703186e+02
5.091010989010989078e+02
4.933736263736263368e+02
4.647890109890109898e+02
4.805934065934065416e+02
4.742373626373625939e+02
5.052879120879119910e+02
5.063164835164835722e+02
4.782307692307692264e+02
4.594813186813186690e+02
5.058527472527472355e+02
4.687098901098901251e+02
