7.660000000000000000e+02
8.040000000000000000e+02
7.610000000000000000e+02
7.510000000000000000e+02
7.600000000000000000e+02
7.370000000000000000e+02
7.760000000000000000e+02
7.580000000000000000e+02
7.770000000000000000e+02
7.480000000000000000e+02
7.600000000000000000e+02
7.830000000000000000e+02
7.880000000000000000e+02
7.740000000000000000e+02
7.610000000000000000e+02
7.830000000000000000e+02
7.750000000000000000e+02
7.640000000000000000e+02
8.030000000000000000e+02
7.530000000000000000e+02
7.710000000000000000e+02
7.850000000000000000e+02
7.530000000000000000e+02
7.990000000000000000e+02
7.410000000000000000e+02
7.750000000000000000e+02
7.700000000000000000e+02
7.760000000000000000e+02
7.890000000000000000e+02
7.970000000000000000e+02
7.560000000000000000e+02
7.500000000000000000e+02
7.790000000000000000e+02
7.700000000000000000e+02
7.370000000000000000e+02
7.720000000000000000e+02
8.020000000000000000e+02
7.670000000000000000e+02
7.630000000000000000e+02
7.630000000000000000e+02
7.660000000000000000e+02
7.590000000000000000e+02
7.400000000000000000e+02
7.460000000000000000e+02
7.500000000000000000e+02
7.790000000000000000e+02
7.800000000000000000e+02
7.550000000000000000e+02
8.060000000000000000e+02
7.880000000000000000e+02
